37.5840854,126.82023439999999
35.1649696,128.8963809
36.0965744,128.5333614
35.702278799999995,128.0219485
37.4845117,126.674807
37.1244345,127.6701927
37.7498528,128.83872789999998
37.7727943,128.83308879999998
undefined
34.6282741,126.79061999999999
37.7341372,127.6240684
35.6790855,127.93109659999999
35.842948299999996,129.0858442
37.4475268,127.2711666
35.877022,128.78717699999999
35.8079821,129.184336
undefined
37.5429503,126.7491592
undefined
undefined
undefined
undefined
36.761711399999996,126.70557369999999
37.427331599999995,127.0907402
35.7015052,128.24995479999998
35.757723,128.3725805
35.224567199999996,126.9600059
35.0079227,128.34921409999998
37.6572986,126.8186492
37.3823304,126.7142782
35.4406198,126.66411199999999
35.4164281,126.6540302
undefined
35.2267381,127.2220644
35.0566879,127.9664153
37.352122699999995,127.32105329999999
36.4914458,127.1215409
36.4856127,127.0918494
37.485675,126.49015829999999
37.5061172,126.509267
undefined
37.439714699999996,126.8501522
37.404330699999996,126.879567
35.2172325,126.82796309999999
34.972997,127.6037571
35.251978099999995,126.80826959999999
36.4982135,126.58520349999999
36.867803599999995,127.9215091
35.254100699999995,127.4957323
35.2501831,127.4182397
37.6153373,127.14156329999999
37.5896463,127.15653479999999
36.109014099999996,128.3608497
35.2511021,129.09791529999998
undefined
35.2815843,128.32468129999998
36.0093872,126.799279
36.1983404,128.558745
undefined
37.357779,126.77999469999999
37.3258965,126.92209279999999
36.2792033,127.66891079999999
undefined
undefined
36.1036662,127.5200409
35.7365066,126.9889068
undefined
37.460574,126.8903977
37.410555699999996,127.0812972
35.8930152,128.5255345
35.2803788,129.22456929999998
37.2224679,127.1010506
37.2165797,127.0972178
35.7752244,127.0020157
36.1339229,128.0932077
36.1595897,128.26655159999999
37.597194099999996,126.7753218
37.5928056,126.76754489999999
37.584196,126.793126
undefined
35.1019107,126.6962562
36.3660922,128.2391318
37.694305,128.890919
35.4005693,126.67844489999999
36.426452999999995,127.0809632
36.069824499999996,128.3692666
36.0589073,128.2678599
35.8370497,128.5275915
36.2649794,127.47409649999999
37.4337963,126.71205479999999
35.4509335,128.7736345
36.367756799999995,128.14058559999998
35.843017499999995,128.3242216
undefined
undefined
36.4760583,128.6207312
undefined
36.9763893,127.2434047
35.325369699999996,129.0256144
37.6005894,127.15431249999999
37.5973136,127.2411097
undefined
35.4299669,127.3984869
35.405551599999995,127.30663519999999
37.324054,127.9300507
36.597355,127.4209259
37.431853,126.7647719
35.5027383,127.5261396
37.0765609,128.1812837
35.3995732,128.4823855
36.7546925,127.1650573
undefined
37.751692399999996,127.7239192
35.2588127,128.5152473
35.509974899999996,126.8022359
35.2201279,128.7948333
37.5699471,126.75363019999999
undefined
35.2870145,129.1006362
36.1222683,127.1343273
36.0819671,127.10258139999999
36.047579899999995,128.5169477
35.289687799999996,127.95296599999999
36.9178613,128.3636597
35.768362499999995,128.4742928
35.2804776,126.9796693
35.2518975,126.96978209999999
36.8924733,126.70659789999999
36.850338,126.6190797
35.2464826,127.035276
35.258876799999996,128.9829536
35.2827351,128.9856749
undefined
36.9414254,127.47227249999999
undefined
35.2192424,128.97428879999998
36.363272699999996,127.45115159999999
36.333399899999996,126.57493099999999
37.592924599999996,127.2081408
35.8417554,127.64645259999999
35.2149102,129.00825799999998
37.2417203,127.3637468
35.9127098,128.6625211
undefined
37.396831,126.8487091
37.462153199999996,126.67200229999999
35.7534455,128.3591652
34.972344199999995,128.3837395
undefined
34.9638878,127.6503085
35.184877,126.92789889999999
35.207763299999996,126.93936939999999
35.9457288,126.8342773
37.3288131,126.9362858
undefined
35.2249627,128.9063505
35.8659659,128.6862423
35.8852415,128.6932134
35.1927361,126.8637936
35.2520372,128.5959344
37.755719899999995,127.73477919999999
37.5170175,127.2208084
36.056992199999996,126.77369689999999
36.0587142,126.7722247
37.300068599999996,127.04966449999999
34.94961,127.5520681
35.846857899999996,127.18982919999999
35.2779526,128.6947578
undefined
37.177556599999996,127.0959412
35.050830999999995,126.5456329
37.511914499999996,129.09501609999998
37.7586406,127.96528439999999
37.4926775,128.2060468
37.322341099999996,126.9053723
36.4944438,127.02502229999999
35.2588143,128.6060166
37.2832674,127.17554159999999
37.257830299999995,127.411575
37.364743,127.9027466
37.583377999999996,129.09304179999998
37.2776242,126.89726329999999
37.5613944,128.3653905
36.8234251,126.6476055
37.3959427,126.8720402
undefined
36.7597206,127.2179965
undefined
34.8626302,126.48639299999999
35.0069464,126.4922223
35.003167499999996,126.39270409999999
35.9780169,127.6452546
36.2388833,126.5611292
36.700355099999996,128.11130119999999
37.311636899999996,127.8262833
35.172011,128.15925529999998
35.517129,129.24947699999998
36.529892499999995,127.50725279999999
35.067163199999996,126.59723869999999
37.436156499999996,126.67575269999999
35.1930149,126.929954
35.3081493,129.0120328
37.391248,126.8287668
37.581258999999996,127.1898373
35.502038899999995,128.7912704
37.5031266,127.01863399999999
37.124614799999996,126.88176899999999
35.4289846,126.80382119999999
undefined
37.6592482,127.1172311
undefined
36.4568495,127.71954
37.2289923,126.95667549999999
37.209050399999995,126.9655085
37.3243419,126.9602281
35.279932099999996,129.105997
35.7269484,126.76940019999999
36.2978534,126.85173859999999
37.5240642,126.7772126
37.523785499999995,126.72213459999999
37.8350642,128.8145053
36.5001944,127.1020425
35.261450599999996,126.893678
35.441658499999996,127.3131336
37.0140983,128.2882752
35.9088199,128.5803067
36.4115156,127.38171249999999
37.5955009,126.83314949999999
35.0134447,126.4320334
35.2214916,128.9417362
36.530571099999996,128.16985599999998
37.3188708,126.9902808
37.3725962,127.5266717
36.0320892,128.9154938
37.1838051,127.05638929999999
37.4195977,127.92060439999999
37.552974299999995,126.60745059999999
36.945591199999996,127.4506078
35.2864222,128.6055992
undefined
37.0347811,127.7983773
34.8901322,128.41276679999999
37.0665683,126.99275979999999
36.3443311,127.48262129999999
37.242322699999995,126.8819602
undefined
35.1133222,128.08659699999998
37.4822998,127.24180729999999
36.281560299999995,127.45090379999999
37.376529399999995,126.9283686
35.203178799999996,126.8392679
undefined
35.4281141,127.8596656
35.1934123,128.9818721
35.4001626,128.8204927
35.925291,127.0791155
35.7592856,127.21838439999999
35.3190078,128.9433723
37.5491794,127.1793393
36.4228349,128.2132715
37.4467638,128.06572839999998
35.4820238,127.82408419999999
36.4556713,127.0583812
36.4854177,127.06249109999999
35.1183816,126.73244679999999
35.1848762,126.8825976
35.8352699,126.839613
35.220767699999996,128.8461063
35.3613907,127.33663349999999
36.2245324,127.0530824
35.8767395,128.53059009999998
35.880516799999995,128.52961779999998
36.2917791,127.3281931
36.2940842,127.3160831
35.235038599999996,128.5622436
35.155888399999995,128.9519315
35.156638199999996,128.9478763
36.2398593,126.7900794
37.3617002,127.06266149999999
36.8071202,126.5717244
35.6655825,127.67378799999999
37.3559474,126.8635977
undefined
37.3239547,127.05682979999999
37.3276488,127.05860729999999
35.0032414,127.48249
36.588267099999996,128.6279773
37.3510025,126.8040759
37.0336864,127.1598279
37.305022099999995,127.5823071
34.7348661,126.39765449999999
undefined
37.1764161,126.9983951
37.1885537,127.0098659
37.5240361,126.75740889999999
37.3650617,127.1032408
35.553511199999996,129.1239877
37.2780774,127.39018759999999
37.5210351,126.68033319999999
35.8264688,127.03328909999999
37.6343392,127.37009599999999
35.1835075,128.04076609999998
37.4328802,126.7384689
36.0987635,126.6898705
36.6529039,127.4214521
37.4833792,127.0260783
undefined
undefined
undefined
36.9990187,126.8691348
37.054290099999996,126.8885203
36.0700627,129.22129719999998
37.5126834,127.15220409999999
undefined
undefined
35.1281947,127.2471757
37.424051,126.90684159999999
undefined
36.238802299999996,128.2615221
35.509778499999996,126.68330279999999
37.6692816,127.4954439
37.426721199999996,127.12351489999999
37.4355812,127.1231258
35.847603899999996,128.5228416
35.9192848,128.24917109999998
undefined
undefined
35.8646621,127.2350467
36.455656499999996,127.78770019999999
37.6300829,128.4891264
undefined
37.405132099999996,126.64978389999999
undefined
36.935191599999996,126.77972849999999
37.7117947,126.97291039999999
37.0346853,127.10794399999999
37.4740766,127.1278186
35.8350808,128.6933536
undefined
35.3626651,127.1462626
34.9880493,127.51573719999999
34.9907438,127.5394572
undefined
undefined
undefined
35.014571499999995,127.37516649999999
undefined
37.4558229,126.797157
37.450962499999996,126.8034065
37.2900153,127.10365949999999
undefined
37.5698345,126.66911069999999
37.2255967,128.0877605
37.4572618,126.48965919999999
36.5955399,126.8680347
37.5255095,126.83537349999999
undefined
37.4305479,126.78204799999999
36.4400962,127.41981919999999
undefined
undefined
37.195025199999996,127.0132821
37.3482257,126.83885029999999
37.3441432,126.8603761
36.9949132,127.1538573
37.035935699999996,127.13888539999999
36.2838087,127.3780219
37.4374921,126.8156279
35.3782528,129.0516661
35.3362298,129.0398906
37.9151095,128.7898386
37.4634929,127.03971639999999
37.6794644,126.91791669999999
37.239469299999996,127.29433689999999
undefined
37.057597099999995,126.9876772
35.5675652,129.1295424
37.252724199999996,127.6534128
37.2328366,127.59025279999999
36.1475418,127.06027809999999
37.38847,126.79893639999999
37.4098812,126.6317577
36.759206899999995,127.9919776
35.0824388,128.1914213
35.3000793,126.5584866
36.269763,127.8328677
undefined
35.455122599999996,128.5110758
37.4755931,126.5053516
36.7681611,128.57175519999998
35.9222974,128.9508825
undefined
36.6673949,128.54134439999999
37.1434772,127.08402659999999
37.0114083,126.9935946
35.5533675,127.32160209999999
36.7151467,127.442865
37.6194559,129.037185
34.9861917,127.7087469
35.2590935,127.1133794
37.4246294,126.63642349999999
36.3168635,127.5580037
35.792775999999996,128.4635432
35.4132248,129.26017339999999
35.8990176,127.1502761
35.8826034,127.1741076
35.9768646,128.4329021
35.1842654,126.8988461
37.2568268,127.2095391
35.1593775,126.7808857
undefined
undefined
35.5516807,129.261336
35.566454199999995,129.13007009999998
35.5577908,129.2497258
37.400961699999996,127.9502409
37.3879693,126.75332979999999
36.5646844,126.9763029
36.3641593,127.331052
36.389878599999996,127.34038369999999
36.9815316,127.4708271
36.2908853,128.5807959
37.6941317,127.05318079999999
37.2451112,127.4965393
35.9916726,127.11391599999999
35.9429836,127.09069729999999
37.523924799999996,126.74852089999999
37.4700662,126.5131565
37.455515999999996,126.72069219999999
undefined
34.858213899999996,126.4816991
37.6359954,126.804429
37.0915457,127.45065919999999
37.4235786,126.89423169999999
35.631747,127.3153785
undefined
37.509542499999995,127.01618959999999
35.2855293,126.7870208
35.329968699999995,126.8044625
35.3501322,126.7616049
35.7159917,127.58973909999999
35.731406799999995,127.6064316
35.3284011,129.2367057
35.1979085,128.8071939
35.291528,128.3514563
37.5900029,128.4135238
34.6781593,126.9264393
35.879323899999996,127.0557023
36.5859808,128.154717
37.1850257,126.97086979999999
36.625096299999996,127.12078729999999
37.380275399999995,126.7323043
35.5799671,126.8327035
37.1333033,128.1423413
undefined
37.369057,126.8696523
undefined
37.7577206,127.78124679999999
undefined
35.0670357,127.2706194
35.5974627,126.6964383
37.5057604,126.74821589999999
undefined
36.7723353,127.50269089999999
35.5877602,127.77016979999999
35.483936,127.58860639999999
35.2250067,128.27191
35.0417442,127.9060047
35.2617056,128.75519699999998
37.651803799999996,128.5616187
35.1923987,128.2262207
35.772399,127.44297379999999
34.980332,127.7491877
35.1622893,128.1252032
35.138291699999996,128.0977342
36.8693508,127.47505199999999
35.542583799999996,128.4766599
35.2751464,128.6435404
35.2328725,127.00216839999999
36.827072699999995,127.1694438
36.7680801,127.1805832
undefined
37.392918,127.02513649999999
35.6528535,128.74768699999998
35.478412,129.28197509999998
37.0486803,126.91932299999999
36.374234799999996,126.9506438
36.6268508,127.3832065
undefined
35.9704838,128.82925369999998
35.2321577,128.97998239999998
36.193266,127.4854029
36.1995523,128.0018813
35.0861024,128.0428518
36.167837,126.6015161
37.8421266,127.76716239999999
37.7561098,127.7878851
37.839155,127.77643929999999
36.9787055,127.84665199999999
undefined
35.9661701,128.3585761
35.9568674,128.4550672
35.328832,128.5052742
35.2834486,128.5104416
35.2815321,128.5124692
36.2989125,127.0674679
35.6611812,126.9272202
37.582397199999996,127.1578682
35.4992671,129.0959641
34.8670799,128.4443478
37.6740478,126.88566999999999
37.6401397,127.1329801
37.3976687,127.1005457
37.4057788,127.09465709999999
36.3174175,127.4727341
37.309287,126.8942905
35.9065157,128.6413566
undefined
37.032350099999995,126.98476149999999
36.041429,129.3167335
36.8523724,128.53072889999999
37.5265163,127.219836
37.530904199999995,127.1960604
35.0026638,127.8143477
undefined
undefined
38.025732999999995,128.6946221
34.719343099999996,126.5794988
37.3873071,127.00136119999999
37.4372115,126.6505607
37.5217077,127.01768919999999
35.2892235,128.3903694
35.5327108,127.7497566
35.5346554,127.7698657
35.1002407,126.4815266
35.0294437,126.4858613
34.933639899999996,127.5625953
36.7126038,126.5625611
undefined
35.7148355,128.17085079999998
37.1297552,127.00047959999999
37.4649104,127.0926001
37.914553999999995,128.7900886
undefined
37.2360277,127.4267964
36.592285,126.5601756
37.677648399999995,127.8565196
37.631699499999996,127.310963
36.4425223,127.9624338
35.800331,128.4791804
35.797164699999996,128.4798471
36.2220478,127.9061675
undefined
36.4043227,127.41926459999999
36.4867884,127.60846649999999
37.6786642,128.6942162
37.5055049,127.9705692
37.277599699999996,127.0822731
undefined
